coniss_data <- structure(list(taxon_1 = c(0, 0, 0, 0, 0, 0, 0, 0, 0, 0, 0, 0, 
0, 0, 0, 0, 0, 0, 0, 0, 0, 0, 0.0417391935564841, 0.144588807813564, 
0.121379425806881, 0.136504726557987, 0.191167074828117, 0.256917497769354, 
0.167076671386255, 0.212828962426139, 0.296876393841509, 0.253320198552449, 
0.203700210931678, 0.359376253407087, 0.204980015422697, 0.168579900784436, 
0.173001668965327, 0.16086641568972, 0.219214324140707, 0.151329981691595, 
0.309976465643231, 0.182879238989864, 0, 0.138312814961625, 0.101273936708367, 
0.12189684577708, 0.0629940788348712, 0.0413802944301184, 0.141679189370669, 
0.0765839581067484, 0.126773138209277, 0.0880450906325624, 0.103325488547744, 
0.147786581376475, 0.205947458416118, 0.254649595291751, 0.152120004824377, 
0, 0, 0.171647133100322, 0, 0, 0, 0, 0, 0, 0, 0, 0, 0, 0, 0, 
0, 0, 0, 0, 0.207925666301125, 0.13912166872805, 0.145154028736191, 
0.199667497691917, 0.0829739813645022, 0.113960576459638, 0.0423713598607036, 
0.108283392689407, 0.142614806562459, 0.10174461594456, 0.258762028670756, 
0.148564152138089, 0.315702033706435, 0.163163403289601, 0.254000254000381, 
0.10215078369105, 0.105999788000636, 0.0835511986288714, 0.163082018263361, 
0.165721607070656, 0.0549649709929313, 0.210998928777389, 0.211406569032676, 
0.138675049056307, 0.081923192051904, 0.114332390095006, 0.170996392014192, 
0.24574532297796, 0.1606438657805, 0.212511859251621, 0.202189275543126, 
0.200699302832915, 0.257102498850661, 0, 0, 0, 0, 0, 0, 0, 0, 
0, 0, 0, 0, 0, 0, 0, 0, 0, 0, 0, 0, 0, 0, 0, 0, 0, 0, 0, 0, 0, 
0, 0, 0, 0, 0, 0, 0, 0, 0, 0, 0, 0, 0, 0, 0, 0, 0, 0, 0, 0, 0, 
0, 0, 0, 0, 0.0993399267798783), taxon_2 = c(0.0849937774690732, 
0.0677803858386852, 0, 0.043314808182421, 0.0352016671904381, 
0, 0.0409960030845394, 0.0697297399166903, 0.132248674602645, 
0.0784464540552736, 0.0701862406343596, 0.0563436169819011, 0.0700712753800578, 
0, 0, 0.0582222509739582, 0.0906286508858888, 0.0580258853185659, 
0, 0.0571661950475029, 0, 0, 0.0417391935564841, 0, 0.0743294146247166, 
0, 0, 0, 0, 0, 0, 0.111703707906548, 0.144037800478919, 0.13583145623104, 
0.11595420713049, 0.210724875980545, 0.173001668965327, 0.0744666805119545, 
0.135302018298348, 0.214012912501926, 0.0596549986271894, 0, 
0.0936585811581694, 0.117953564923918, 0.0716114874039433, 0.127846490415034, 
0.188982236504614, 0.170615324754536, 0.042717882885838, 0.153167916213497, 
0.152362350055011, 0.147327615729669, 0, 0.0883193750684441, 
0.040389619586101, 0, 0.0406557814090871, 0, 0, 0, 0.11973686801785, 
0.0714893875923587, 0.207891981581689, 0.165947962729004, 0.153694655873568, 
0.040193393552907, 0, 0.114600210537152, 0, 0, 0, 0, 0, 0.0587220219514703, 
0, 0, 0.0750939261482638, 0, 0.197225487781864, 0.0576390417704235, 
0.143715151429591, 0.139572631559771, 0.103788211366568, 0.115759816034647, 
0.0582222509739582, 0.17913988195957, 0.114457139057477, 0, 0, 
0.0407908508224002, 0.0846667513334603, 0.0932504808240314, 0, 
0.0723574605292422, 0.0729324957489473, 0, 0, 0, 0, 0.0666173387526491, 
0.081923192051904, 0.066009836198445, 0.0764719112901873, 0.206467368905441, 
0.113592366849413, 0, 0, 0, 0, 0.0747435092751936, 0, 0, 0, 0, 
0, 0, 0, 0.0450377349111045, 0, 0, 0, 0, 0, 0, 0, 0, 0, 0, 0, 
0, 0, 0, 0, 0, 0, 0, 0, 0, 0, 0, 0.0461265604014443, 0, 0, 0, 
0, 0, 0, 0, 0, 0, 0, 0, 0, 0, 0, 0.0415585817461691, 0.0629940788348712, 
0, 0.0473513723810378, 0.0407231481187684, 0.0376088707222301, 
0.0568880123988574, 0.110144068252587, 0), taxon_3 = c(0.0642492566203235, 
0.0782660480194832, 0, 0, 0, 0, 0, 0, 0, 0, 0.0810440898473108, 
0, 0, 0, 0, 0, 0, 0, 0, 0, 0, 0, 0, 0, 0, 0.278639106287676, 
0, 0, 0, 0.0834783871129682, 0, 0.0844400661841498, 0, 0, 0.0819920061690788, 
0, 0, 0, 0, 0.163455061873007, 0, 0, 0.179342528949657, 0, 0, 
0, 0, 0, 0, 0, 0, 0, 0, 0, 0.057119547797754, 0, 0, 0, 0, 0, 
0.103695169473043, 0.116741681083556, 0.154418287296437, 0.198964617721321, 
0.125491161027632, 0, 0, 0, 0, 0.0837707816583391, 0, 0, 0, 0, 
0, 0.0612563891831689, 0, 0, 0, 0, 0, 0, 0, 0, 0, 0, 0, 0, 0, 
0, 0, 0, 0.0566592699670074, 0, 0, 0, 0, 0, 0, 0, 0, 0, 0, 0, 
0, 0, 0, 0, 0, 0, 0, 0, 0, 0, 0, 0, 0, 0, 0, 0, 0, 0, 0, 0, 0, 
0, 0, 0, 0, 0, 0.0652328073053442, 0, 0, 0, 0, 0, 0, 0, 0, 0, 
0, 0, 0, 0, 0, 0, 0, 0, 0, 0, 0, 0, 0, 0, 0, 0.0587727099384233, 
0, 0, 0, 0, 0, 0.0568880123988574, 0, 0), taxon_4 = c(0, 0, 0, 
0, 0, 0, 0, 0, 0, 0, 0, 0, 0, 0, 0, 0, 0, 0, 0, 0, 0, 0, 0, 0, 
0, 0.0557278212575353, 0, 0, 0, 0, 0, 0, 0, 0.0607456739230787, 
0, 0, 0, 0, 0, 0, 0, 0, 0.0540738070435875, 0, 0, 0, 0, 0.0585205735980653, 
0, 0, 0, 0, 0, 0, 0, 0, 0, 0, 0, 0, 0, 0, 0, 0, 0, 0, 0, 0, 0, 
0, 0, 0, 0, 0, 0.0592348877759092, 0, 0, 0.0983738753675929, 
0.113868188461914, 0.115278083540847, 0, 0.056980288229819, 0, 
0.0578799080173233, 0, 0.045501575519329, 0, 0, 0, 0, 0.0846667513334603, 
0, 0, 0.0590796191267391, 0, 0, 0, 0.0585205735980653, 0.122055639539471, 
0, 0, 0, 0, 0, 0, 0, 0, 0.0591829956172182, 0, 0, 0.0583211843519804, 
0, 0, 0, 0, 0, 0, 0.090075469822209, 0, 0.131876094679157, 0.120714328056691, 
0.0893237001263121, 0, 0.0617802063215215, 0.0588235294117647, 
0.127256952595156, 0.0625, 0.0907218423253029, 0.0788723006725099, 
0.0829977936713103, 0.0922531208028885, 0.05643326479831, 0.0798086884467622, 
0.132920444337838, 0.162221421130763, 0.138942503594182, 0.115470053837925, 
0, 0.0647523908238176, 0.113776024797715, 0, 0, 0.0620173672946042, 
0, 0.172859706373838, 0, 0.0918630424349251, 0.0590281336100955, 
0, 0, 0.0826898230594723, 0, 0, 0, 0, 0.155497974374402, 0, 0.278543007265578, 
0.0473513723810378, 0, 0, 0, 0, 0),